; Map Object Color
; TYPE, CIDX, LINECOLOR, FILLCOLOR, WIDTH, COMMENT
; Polygon
A, 1,  (0, 0, 0),          (68, 68, 68),        1, District Area
A, 2,  (193, 181, 158),    (109, 109, 109),     1, City Area 01
A, 3,  (193, 181, 158),    (109, 109, 109),     1, City Area 02
A, 4,  (193, 181, 158),    (109, 109, 109),     1, City Area 03
A, 5,  (193, 181, 158),    (109, 109, 109),     1, City Area 04
A, 6,  (153, 179, 204),    (76, 89, 102),       1, Water Region
A, 7,  (83, 152, 68),      (90, 105, 78),       1, Green Area 01
A, 8,  (83, 152, 68),      (90, 105, 78),       1, Green Area 02
A, 9,  (83, 152, 68),      (90, 105, 78),       1, Green Area 03
A, 10, (83, 152, 68),      (90, 105, 78),       1, Green Area 04
A, 11, (83, 152, 68),      (90, 105, 78),       1, Green Area 05
A, 12, (193, 181, 158),    (109, 109, 109),     1, Quarter Area 01 residential area
A, 13, (193, 181, 158),    (109, 109, 109),     1, Quarter Area 02 no residential area
A, 14, (193, 181, 158),    (109, 109, 109),     1, Quarter Area 03 Industrial area
A, 15, (193, 181, 158),    (109, 109, 109),     1, Other Area 01
A, 16, (193, 181, 158),    (109, 109, 109),     1, Other Area 02
A, 17, (193, 181, 158),    (109, 109, 109),     1, Other Area 03
A, 18, (193, 181, 158),    (109, 109, 109),     1, Other Area 04
A, 19, (193, 181, 158),    (109, 109, 109),     1, Other Area 05
A, 20, (193, 181, 158),    (109, 109, 109),     1, Other Area 06
A, 21, (193, 181, 158),    (109, 109, 109),     1, Other Area 08
A, 22, (193, 181, 158),    (198, 197, 194),     1, Road Area(Parking Area)
A, 23, (193, 181, 158),    (198, 197, 194),     1, Road Object Area 02(Bridge, Tunnel, Dam, Ferry)
A, 24, (193, 181, 158),    (198, 197, 194),     1, Road Object Area 03(Bridge, Tunnel, Dam, Ferry)
A, 25, (193, 181, 158),    (198, 197, 194),     1, Road Object Area 11(Bridge, Tunnel, Dam, Ferry)
A, 26, (193, 181, 158),    (198, 197, 194),     1, Road Object Area 12(Bridge, Tunnel, Dam, Ferry)
A, 27, (193, 181, 158),    (198, 197, 194),     1, Road Object Area 13(Bridge, Tunnel, Dam, Ferry)
A, 28, (192, 192, 192),    (128, 128, 128),     1, Building Area 01(Dwelling house)
A, 29, (192, 192, 192),    (128, 128, 128),     1, Building Area 02(Uninhabitable)
A, 30, (192, 192, 192),    (128, 128, 128),     1, Building Area 03(Industrial)
A, 31, (192, 192, 192),    (128, 128, 128),     1, Building Area 04(Platform)
A, 32, (192, 192, 192),    (128, 128, 128),     1, Building Area 05(Quay)

; Polyline
L, 33, (76, 89, 102),      (76, 89, 102),       2, Water Line
L, 34, (40, 40, 40),       (40, 40, 40),        1, District Line
L, 35, (215, 194, 158),    (215, 194, 158),     1, Zone Line
L, 36, (50, 50, 50),       (200, 200, 200),     2, Railway Line 01
L, 37, (80, 80, 80),       (180, 180, 180),     1, Railway Line 02
L, 38, (206, 186, 119),    (206, 186, 119),     2, Net Class 04
L, 39, (206, 186, 119),    (242, 239, 233),     2, Net Class 03
L, 40, (206, 186, 119),    (255, 253, 139),     2, Net Class 02
L, 41, (212, 146, 0),      (255, 195, 69),      2, Net Class 01
; Symbol + Text
S, 42, (53, 53, 53),       (255, 255, 255),     10, POI color
S, 43, (250,250,250),      (220,20,20),         10, Subway Station
; Text
T, 44, (55, 55, 153),      (255, 255, 255),     10, Water Line Name
T, 45, (55, 55, 153),      (255, 255, 255),     10, Water Region Name
T, 46, (76, 138, 86),      (110, 220, 70),      10, Green Name
T, 47, (250, 250, 250),    (68, 68, 68),     16, City Name 01
T, 48, (180, 180, 180),    (40, 40, 40),     14, City Name 02
T, 49, (200, 200, 200),    (40, 40, 40),     12, City Name 03
T, 50, (180, 180, 180),    (48, 48, 48),     10, City Name 04
T, 51, (225, 225, 225),    (90, 90, 90),     10, Address Number(House Number)
T, 52, (250,250,250),      (220,20,20),      10, Subway Exit
T, 53, (150, 150, 150),    (  0,   0,   0),     10, Border Point

L, 54, (87,115,159),       (0,0,0),             2,  Ferry
L, 55, (145, 145, 145),    (145, 145, 145),     1,  Subject Line

; Road Width
R, 0,  (8.0, 6.0, 4.0, 3.0), (255,255,255), (0,0,0), null
R, 1,  (8.0, 6.0, 4.0, 3.0), (255,255,255), (0,0,0), null
R, 2,  (6.2, 5.2, 4.2, 2.8), (255,255,255), (0,0,0), null
R, 3,  (4.2, 3.2, 2.4, 2.4), (255,255,255), (0,0,0), null
R, 4,  (3.8, 3.2, 2.2, 2.2), (255,255,255), (0,0,0), null
R, 5,  (3.8, 2.8, 2.2, 2.2), (255,255,255), (0,0,0), null
R, 6,  (3.8, 2.6, 2.2, 2.2), (255,255,255), (0,0,0), null
R, 7,  (3.4, 1.2, 1.2, 1.2), (255,255,255), (0,0,0), null
R, 8,  (3.2, 1.2, 1.2, 1.2), (255,255,255), (0,0,0), null
R, 9,  (2.8, 1.2, 1.2, 1.2), (255,255,255), (0,0,0), null
R, 10, (2.0, 1.2, 1.2, 1.2), (255,255,255), (0,0,0), null
R, 11, (2.0, 1.2, 1.2, 1.2), (255,255,255), (0,0,0), null
R, 12, (2.0, 1.2, 1.2, 1.2), (255,255,255), (0,0,0), null
R, 13, (2.0, 1.2, 1.2, 1.2), (255,255,255), (0,0,0), null
R, 14, (1.2, 1.0, 1.0, 1.0), (255,255,255), (0,0,0), null
R, 15, (1.2, 1.0, 1.0, 1.0), (255,255,255), (0,0,0), null
; Building color style(side1, side2, line, top, window)
B, 1, (67, 67, 67), (87, 87, 87), (0, 0, 0), (60, 60, 60), (100, 100, 130)
B, 2, (67, 67, 67), (87, 87, 87), (0, 0, 0), (60, 60, 60), (120, 110, 95)
B, 3, (67, 67, 67), (87, 87, 87), (0, 0, 0), (60, 60, 60), ( 90, 135, 170)
B, 4, (67, 67, 67), (87, 87, 87), (0, 0, 0), (60, 60, 60), ( 80, 125, 105)
B, 5, (67, 67, 67), (87, 87, 87), (0, 0, 0), (60, 60, 60), (200, 170, 170)